1403715893.5340580940247 0.0014546659144 -0.0000073167217 0.0095962095045 0.0363913631328 -0.8143966834508 0.0333637689887 -0.5782046087610
1403715893.5840580463409 0.0039260706025 0.0014791490621 0.0141402484699 0.0324159280567 -0.8084868729889 0.0347758214763 -0.5865908506391
1403715893.6340579986572 0.0076728876259 -0.0056976147271 0.0132239093697 0.0289643979080 -0.8047994928410 0.0350843019916 -0.5918005844290
1403715893.6840579509735 0.0095032433347 -0.0112382244742 0.0153608954812 0.0256360102332 -0.8029841582193 0.0349190161754 -0.5944240060239
1403715893.7340579032898 0.0108730990602 0.0029662990486 0.0180488654828 0.0271812027362 -0.8021213210751 0.0368066829200 -0.5954056067816
1403715893.7840580940247 -0.0075438655256 -0.0097064184610 0.0190960559327 0.0261697271304 -0.8014657099249 0.0316592519986 -0.5966284882231
1403715893.8340580463409 -0.0107429632039 0.0001555119039 0.0243359923420 0.0296012649089 -0.8035701968822 0.0310594719947 -0.5936615306704
1403715893.8840579986572 -0.0146899841844 0.0082979495997 0.0196099262977 0.0301044942948 -0.8062781317599 0.0325068989501 -0.5898750674419
1403715893.9340579509735 -0.0302816784295 0.0123884545060 0.0140367300654 0.0311409355169 -0.8079210170423 0.0329606101607 -0.5875435903270
1403715893.9840579032898 -0.0362257625905 0.0173527072587 0.0187561335610 0.0312407924461 -0.8111749898219 0.0334733593077 -0.5830083043931
1403715894.0340580940247 -0.0418095489606 0.0224914782363 0.0237481436762 0.0310495239199 -0.8151735728721 0.0343910879519 -0.5773605686438
1403715894.0840580463409 -0.0468248623940 0.0278746998437 0.0277071909605 0.0314521686194 -0.8194535665815 0.0346056285011 -0.5712346836302
1403715894.1340579986572 -0.0532843123072 0.0344951113820 0.0402779729521 0.0346692329041 -0.8220567690100 0.0334490596533 -0.5673639689150
1403715894.1840579509735 -0.0571227162175 0.0418140539154 0.0481103399861 0.0402775664286 -0.8201174626238 0.0302674572698 -0.5699727591495
1403715894.2340579032898 -0.0613510168640 0.0486854356705 0.0549831298280 0.0455766446204 -0.8166218432698 0.0271057822174 -0.5747319471982
1403715894.2840580940247 -0.0670498289832 0.0531624633953 0.0704561318122 0.0512644818829 -0.8141443365710 0.0225688074091 -0.5779546704188
1403715894.3340580463409 -0.0700016695728 0.0632240911962 0.0876555271823 0.0565002052732 -0.8128240153506 0.0192215417272 -0.5794440259483
1403715894.3840579986572 -0.0720138981931 0.0736130978653 0.1055680169591 0.0604331796677 -0.8113258315067 0.0169474007611 -0.5812151164007
1403715894.4340579509735 -0.0745066524780 0.0872282129731 0.1214195579767 0.0626961797868 -0.8112416231118 0.0164641865943 -0.5811068305663
1403715894.4840579032898 -0.0786625779742 0.1013775782665 0.1312234126427 0.0623730649247 -0.8126737853766 0.0176224093923 -0.5791030737449
1403715894.5340580940247 -0.0830460201685 0.1075067349627 0.1464456458555 0.0596866487090 -0.8164070439570 0.0177930821608 -0.5741083946176
1403715894.5840580463409 -0.0857141153680 0.1218822882962 0.1545207802300 0.0583869680349 -0.8181617333873 0.0191976130967 -0.5716937918465
1403715894.6340579986572 -0.0863961683768 0.1411252146181 0.1634064720998 0.0567757458253 -0.8196836236647 0.0210600673220 -0.5696066584462
1403715894.6840579509735 -0.0868046942799 0.1603654224746 0.1732823122253 0.0534942845960 -0.8216325004026 0.0235791806729 -0.5670118323602
1403715894.7340579032898 -0.0828554342755 0.1822789799812 0.1916778204744 0.0511756678770 -0.8223272857882 0.0252196965135 -0.5661473774321
1403715894.7840580940247 -0.0818112180836 0.2031320728845 0.2031308481831 0.0474866655915 -0.8213779509617 0.0275915240530 -0.5677340804156
1403715894.8340580463409 -0.0791005945379 0.2278653827040 0.2164280792727 0.0450529853657 -0.8196968570428 0.0294215593979 -0.5702645551904
1403715894.8840579986572 -0.0745553971592 0.2518545309828 0.2332773305485 0.0435086811740 -0.8180419570836 0.0301104839888 -0.5727195734976
1403715894.9340579509735 -0.0647638747702 0.2765888053358 0.2579749530737 0.0430418369092 -0.8169708052733 0.0301954523121 -0.5742772311927
1403715894.9840579032898 -0.0601678492708 0.3007921045886 0.2737459045157 0.0420135339491 -0.8157474675880 0.0307622180623 -0.5760595611816
1403715895.0340580940247 -0.0557451484775 0.3242896364448 0.2886760035738 0.0408706305100 -0.8149032366147 0.0314071689197 -0.5773005250795
1403715895.0840580463409 -0.0471158525468 0.3506668067483 0.3087719763401 0.0416229599327 -0.8150520915754 0.0314820432190 -0.5770324931750
1403715895.1340579986572 -0.0362256734637 0.3784278504798 0.3294842597304 0.0401357438070 -0.8154253815526 0.0328977292127 -0.5765312728738
1403715895.1840579509735 -0.0317560595279 0.4033406762925 0.3433317326618 0.0391814331514 -0.8154885830579 0.0336507629533 -0.5764640598955
1403715895.2340579032898 -0.0268538076024 0.4301686813832 0.3568963437349 0.0377428260227 -0.8157911285785 0.0351774620047 -0.5760406754591
1403715895.2840580940247 -0.0225267911700 0.4557212559832 0.3702806052965 0.0376273845746 -0.8156252850136 0.0354755303855 -0.5762647491566
1403715895.3340580463409 -0.0176839911583 0.4825005477676 0.3835294929510 0.0373946689418 -0.8158268385244 0.0359106407981 -0.5759675634578
1403715895.3840579986572 -0.0125607735802 0.5092678330340 0.3962324019134 0.0375571442443 -0.8156738923620 0.0360965458649 -0.5761619577965
1403715895.4340579509735 -0.0057161669959 0.5399806562875 0.4108573561085 0.0383328161299 -0.8158141805105 0.0363793491994 -0.5758944009428
1403715895.4840579032898 -0.0017635466008 0.5666804391298 0.4238553272916 0.0380281334268 -0.8163222703587 0.0368943519484 -0.5751613849858
1403715895.5340580940247 0.0029804566664 0.5939141762044 0.4376660091133 0.0380877462400 -0.8165563007510 0.0372116963685 -0.5748046806903
1403715895.5840580463409 0.0081544450995 0.6192303711930 0.4519021060244 0.0373786638818 -0.8173359315726 0.0381839077131 -0.5736783067525
1403715895.6340579986572 0.0134051534248 0.6442744151960 0.4653440280819 0.0380683160094 -0.8170377586357 0.0377918287601 -0.5740835147944
1403715895.6840579509735 0.0180036600707 0.6702609244579 0.4774687228671 0.0382313710682 -0.8173047730314 0.0381072946364 -0.5736715997344
1403715895.7340579032898 0.0238329172377 0.6984913751635 0.4867762300826 0.0384323214078 -0.8175210683301 0.0385575874140 -0.5733197815883
1403715895.7840580940247 0.0285962338948 0.7262513964937 0.4978917723151 0.0386123484277 -0.8177060160397 0.0390350894219 -0.5730115353771
1403715895.8340580463409 0.0328279584856 0.7521060441001 0.5088795529989 0.0385813786915 -0.8177138864937 0.0392152179950 -0.5729900904302
1403715895.8840579986572 0.0378686091404 0.7803761853615 0.5207589309326 0.0390171400363 -0.8179487945006 0.0392512669940 -0.5726227120869
1403715895.9340579509735 0.0423125230273 0.8057567488328 0.5314828190159 0.0384371675345 -0.8176416525822 0.0394933757016 -0.5730837507645
1403715895.9840579032898 0.0453014964193 0.8295407699747 0.5415462590771 0.0367753312308 -0.8178280672013 0.0406379032217 -0.5728467407015
1403715896.0340580940247 0.0516213113302 0.8576293472085 0.5524446137804 0.0356988339464 -0.8181096370862 0.0415761603977 -0.5724453142861
1403715896.0840580463409 0.0564433952959 0.8848141374252 0.5614685693645 0.0330811965573 -0.8182246184542 0.0433117413928 -0.5723095327244
1403715896.1340579986572 0.0594977525687 0.9084652855954 0.5700933618168 0.0293288372734 -0.8185168512692 0.0458841305713 -0.5718956461228
1403715896.1840579509735 0.0643445649723 0.9339765860113 0.5772912282555 0.0251971723647 -0.8178075447452 0.0488947264632 -0.5728570746589
1403715896.2340579032898 0.0688055902472 0.9569995918601 0.5855275126670 0.0187117016238 -0.8171395004322 0.0536089909796 -0.5736366316248
1403715896.2840580940247 0.0721618759409 0.9807785998360 0.5925614583399 0.0113522574524 -0.8151317894137 0.0587491793742 -0.5761769051783
1403715896.3340580463409 0.0694668849872 0.9960674535496 0.5947701810205 0.0025963160703 -0.8128328935217 0.0641347264959 -0.5789496378868
1403715896.3840579986572 0.0732980718200 1.0169451213814 0.6038607639432 0.0050491991399 0.8115236908854 -0.0696561488986 0.5801308694082
1403715896.4340579509735 0.0767708302980 1.0301250855070 0.6132857838997 0.0105743327125 0.8100554878841 -0.0734334147399 0.5816406310052
1403715896.4840579032898 0.0778777642363 1.0416952627303 0.6233037395040 0.0168376652619 0.8086917453121 -0.0775313947761 0.5828576472147
1403715896.5340580940247 0.0772856952886 1.0535508958591 0.6336513887056 0.0207698174505 0.8068960226724 -0.0800880958286 0.5848703447646
1403715896.5840580463409 0.0729914073954 1.0557754692219 0.6420833539498 0.0251940228003 0.8046154189099 -0.0825056486750 0.5874964738654
1403715896.6340579986572 0.0694181075818 1.0543821702868 0.6537142135815 0.0282646613544 0.8024320171778 -0.0842463100501 0.5900902693398
1403715896.6840579509735 0.0660030942202 1.0488204765250 0.6642370995239 0.0301380771986 0.8008034008828 -0.0850435974242 0.5920922191471
1403715896.7340579032898 0.0598385055970 1.0422810229321 0.6739269075016 0.0326264764684 0.7999896389073 -0.0861576792971 0.5928987645225
1403715896.7840580940247 0.0517471900841 1.0312521005549 0.6838407463693 0.0352569744414 0.8010698473400 -0.0869995435907 0.5911642114091
1403715896.8340580463409 0.0449714747405 1.0179583866461 0.6939413179309 0.0386400296833 0.8028089145862 -0.0886148122205 0.5883470147984
1403715896.8840579986572 0.0357588614414 1.0004485470358 0.7044205927071 0.0423762752961 0.8041939027577 -0.0908210509972 0.5858565991393
1403715896.9340579509735 0.0277900318343 0.9830959437154 0.7115242770407 0.0468562775587 0.8054886139630 -0.0937243506460 0.5832738020221
1403715896.9840579032898 0.0192912678549 0.9555934205374 0.7229081007755 0.0537860509650 0.8063339226118 -0.0981165179641 0.5807803499342
1403715897.0340580940247 0.0078073305621 0.9234293087383 0.7320606493651 0.0607495132736 0.8069196857442 -0.1023242629315 0.5785497926808
1403715897.0840580463409 -0.0023463534078 0.8850480003129 0.7445614689987 0.0663867527251 0.8072511960838 -0.1058315406300 0.5768344567480
1403715897.1340579986572 -0.0147466491665 0.8411229543100 0.7557110086956 0.0684299444610 0.8072341780200 -0.1073309433381 0.5763422534740
1403715897.1840579509735 -0.0243790909661 0.7941902459364 0.7676611200999 0.0674134116976 0.8073670380117 -0.1074441806057 0.5762548445866
1403715897.2340579032898 -0.0349787710802 0.7385808098291 0.7820725437029 0.0626766033352 0.8088507732573 -0.1047682783233 0.5752005544613
1403715897.2840580940247 -0.0478173621507 0.6780995995679 0.7942054263371 0.0522540064020 0.8107449774888 -0.0980798607085 0.5747542441906
1403715897.3340580463409 -0.0613578031421 0.6129867903421 0.8055611119952 0.0383836486081 0.8134051799462 -0.0884931499550 0.5736442025919
1403715897.3840579986572 -0.0742897257784 0.5453792934798 0.8185382491477 0.0224943181324 0.8159877480036 -0.0777628041601 0.5723730837914
1403715897.4340579509735 -0.0875314246386 0.4765900628401 0.8303833642650 0.0105189262593 0.8183502380291 -0.0699274550539 0.5703528654595
1403715897.4840579032898 -0.1000118102427 0.4060933832266 0.8417806123626 0.0010590453175 0.8191829056529 -0.0637361601011 0.5699789008416
1403715897.5340580940247 -0.1098277826132 0.3355253650957 0.8548250012999 0.0051320307721 -0.8201985267576 0.0598025496284 -0.5689215183334
1403715897.5840580463409 -0.1225557119678 0.2614511271105 0.8641744207675 0.0065123709683 -0.8205277228789 0.0591982550389 -0.5684957445856
1403715897.6340579986572 -0.1341755864461 0.1864865409474 0.8736672288318 0.0036356942624 -0.8202348396905 0.0615008861488 -0.5686995959978
1403715897.6840579509735 -0.1449291716075 0.1124493474771 0.8820640413920 0.0008803083408 -0.8198175730307 0.0636392718570 -0.5690768094773
1403715897.7340579032898 -0.1559510815073 0.0382384277178 0.8907524679280 0.0056582214671 0.8189410435607 -0.0688119169066 0.5697091115589
1403715897.7840580940247 -0.1662600025144 -0.0406386524227 0.9005068180318 0.0102603662941 0.8178476994141 -0.0721296554229 0.5708039753323
1403715897.8340580463409 -0.1771415389029 -0.1186650508527 0.9096830256028 0.0132185821031 0.8163504099603 -0.0745778766794 0.5725691377946
1403715897.8840579986572 -0.1877593956492 -0.1986375493861 0.9183813212244 0.0146615035605 0.8139834929765 -0.0758210901056 0.5757317741538
1403715897.9340579509735 -0.1977021413238 -0.2789994769450 0.9265055556205 0.0112335192524 0.8124468552543 -0.0733636168954 0.5782920500480
1403715897.9840579032898 -0.2092847453926 -0.3642465266252 0.9339938095855 0.0090969770892 0.8108058572442 -0.0715478957742 0.5808545476077
1403715898.0340580940247 -0.2203541125917 -0.4477402931864 0.9414441839896 0.0040627448467 0.8080028643841 -0.0680992508778 0.5852156502361
1403715898.0840580463409 -0.2319666497187 -0.5302249030619 0.9489111486620 0.0012786339049 -0.8038743083586 0.0654218193310 -0.5911890112407
1403715898.1340579986572 -0.2453349390179 -0.6116032052081 0.9543315327162 0.0079510687726 -0.7997141688551 0.0632895270842 -0.5969828007566
1403715898.1840579509735 -0.2582296700921 -0.6983970324175 0.9616568628789 0.0136576332799 -0.7959242452625 0.0637505039447 -0.6018753509684
1403715898.2340579032898 -0.2724818390308 -0.7844245419788 0.9674897352356 0.0208773873330 -0.7934850873829 0.0648650782169 -0.6047628232844
1403715898.2840580940247 -0.2889947369443 -0.8712231414956 0.9728647926711 0.0280774071888 -0.7928999871504 0.0677232814758 -0.6049254720448
1403715898.3340580463409 -0.3051702876975 -0.9566532818413 0.9764186773602 0.0353177373637 -0.7933357557711 0.0722886825173 -0.6034445976414
1403715898.3840579986572 -0.3229924687578 -1.0393484997555 0.9787238921367 0.0423517193144 -0.7949298469316 0.0781780453038 -0.6001508673333
1403715898.4340579509735 -0.3436808103079 -1.1253874102383 0.9799229152212 0.0489384375595 -0.7979390810787 0.0849471298934 -0.5947118943988
1403715898.4840579032898 -0.3662734212328 -1.2104357277519 0.9802435574518 0.0548686859111 -0.8006812484472 0.0932957358622 -0.5892324425567
1403715898.5340580940247 -0.3889272013205 -1.2938498525307 0.9807113517383 0.0613508730117 -0.8037273721684 0.1015891135201 -0.5830420513326
1403715898.5840580463409 -0.4125781038711 -1.3756708637040 0.9812900194173 0.0684142920178 -0.8053389636151 0.1098823903894 -0.5785105864316
1403715898.6340579986572 -0.4359040259329 -1.4554467425398 0.9793145387733 0.0752666314290 -0.8066260014871 0.1189887420124 -0.5740480007739
1403715898.6840579509735 -0.4583213485475 -1.5344530077365 0.9785744523921 0.0831611899574 -0.8041998190658 0.1279175570566 -0.5744423087621
1403715898.7340579032898 -0.4780572163452 -1.6125001317936 0.9753583313995 0.0902903943833 -0.8017148916980 0.1370709519426 -0.5747281368136
1403715898.7840580940247 -0.4997623603196 -1.6938340315765 0.9653059689452 0.0968213550138 -0.8008655558444 0.1451443982199 -0.5728639370223
1403715898.8340580463409 -0.5232917009011 -1.7754711089467 0.9517984755831 0.1021764944034 -0.8000201571952 0.1524031979782 -0.5712276055294
1403715898.8840579986572 -0.5453565656873 -1.8537354210368 0.9361142235003 0.1073081255196 -0.7995078580777 0.1583166940320 -0.5693926373429
1403715898.9340579509735 -0.5681131950913 -1.9338000685415 0.9174619723350 0.1102449097781 -0.7990546721130 0.1642055374322 -0.5677977036930
1403715898.9840579032898 -0.5890537596973 -2.0106603834199 0.8963735933901 0.1143110670069 -0.7990847034388 0.1679954889825 -0.5658393167424
1403715899.0340580940247 -0.6083798516278 -2.0899924392197 0.8717082979499 0.1162282749244 -0.7980892545380 0.1718461441084 -0.5656972977257
1403715899.0840580463409 -0.6260854325224 -2.1702425338274 0.8451293373509 0.1178154449932 -0.7989729100166 0.1747582874659 -0.5632240681493
1403715899.1340579986572 -0.6327044950771 -2.2468638448690 0.8201886641323 0.1180751397939 -0.8025564388800 0.1776027209997 -0.5571523106552
1403715899.1840579509735 -0.6460185541611 -2.3160182377218 0.7939968298474 0.1197499519379 -0.8062220280983 0.1793552739169 -0.5509062317111
1403715899.2340579032898 -0.6628303954587 -2.3895263339704 0.7700054349698 0.1234120768593 -0.8104220476871 0.1787002223198 -0.5441064183143
